%YAML:1.0
---
model_type: PINHOLE
camera_name: camera
image_width: 1224
image_height: 720
distortion_parameters:
   k1: -0.10673429618139209
   k2: 0.16230920048910555
   p1: -0.00033973540035513714
   p2: 0.00021815950825772274
projection_parameters:
   fx: 1244.2254792741783
   fy: 1243.31478114038
   cx: 623.644426076515
   cy: 380.10322703736716